最优解：  [2. 0. 2. 3. 1. 1. 0. 1. 1. 0.]
最优解：  [0. 0. 3. 1. 2. 1. 0. 2. 1. 1.]
最优解：  [0. 1. 1. 0. 3. 1. 2. 0. 2. 1.]
最优解：  [2. 0. 3. 0. 3. 0. 3. 3. 0. 3.]
最优解：  [1. 1. 3. 3. 3. 2. 3. 1. 1. 2.]
最优解：  [0. 2. 1. 1. 0. 1. 0. 2. 2. 1.]
最优解：  [0. 0. 2. 1. 0. 1. 2. 1. 1. 3.]
最优解：  [0. 2. 1. 0. 3. 2. 0. 1. 1. 1.]
最优解：  [1. 1. 2. 1. 2. 2. 0. 0. 1. 0.]
最优解：  [1. 3. 0. 2. 1. 2. 1. 0. 0. 1.]
最优解：  [0. 2. 2. 0. 1. 0. 2. 1. 1. 1.]
最优解：  [1. 1. 2. 1. 1. 0. 1. 0. 2. 0.]
最优解：  [1. 1. 2. 1. 0. 2. 0. 0. 0. 1.]
最优解：  [3. 2. 1. 0. 2. 0. 1. 0. 1. 1.]
最优解：  [2. 2. 2. 0. 3. 2. 2. 0. 0. 2.]
最优解：  [1. 0. 2. 1. 1. 2. 1. 0. 0. 1.]
最优解：  [1. 3. 2. 1. 1. 0. 2. 0. 0. 1.]
最优解：  [0. 1. 2. 1. 0. 1. 0. 1. 2. 1.]
最优解：  [3. 1. 2. 1. 3. 1. 3. 2. 1. 3.]
最优解：  [0. 2. 1. 0. 0. 1. 1. 0. 2. 1.]
最优解：  [1. 1. 2. 0. 0. 0. 1. 2. 0. 1.]
最优解：  [1. 2. 1. 0. 2. 1. 1. 0. 0. 1.]
最优解：  [1. 0. 3. 1. 0. 0. 2. 1. 2. 1.]
最优解：  [1. 1. 2. 0. 0. 1. 3. 0. 1. 2.]
最优解：  [1. 1. 2. 2. 1. 0. 0. 0. 1. 0.]
最优解：  [3. 1. 3. 1. 3. 3. 2. 1. 1. 2.]
最优解：  [1. 2. 3. 1. 2. 0. 0. 0. 1. 1.]
最优解：  [2. 1. 1. 0. 1. 0. 0. 1. 3. 2.]
最优解：  [3. 0. 1. 0. 1. 2. 1. 2. 0. 1.]
最优解：  [0. 0. 0. 3. 3. 3. 3. 0. 2. 3.]
最优解：  [1. 1. 3. 1. 3. 3. 3. 2. 1. 2.]
最优解：  [2. 2. 1. 1. 0. 1. 0. 1. 3. 0.]
最优解：  [1. 0. 2. 1. 3. 2. 1. 1. 0. 0.]
最优解：  [2. 0. 0. 1. 2. 0. 2. 2. 2. 2.]
最优解：  [3. 0. 3. 3. 0. 3. 0. 2. 3. 0.]
最优解：  [0. 3. 0. 2. 1. 1. 1. 2. 1. 0.]
最优解：  [0. 0. 2. 2. 1. 1. 2. 1. 0. 1.]
最优解：  [3. 3. 1. 1. 1. 3. 1. 2. 2. 3.]
最优解：  [1. 0. 2. 2. 0. 1. 1. 1. 0. 2.]
最优解：  [1. 3. 2. 1. 1. 0. 1. 0. 0. 2.]
最优解：  [2. 1. 0. 1. 1. 0. 0. 2. 1. 3.]
最优解：  [3. 3. 0. 3. 0. 2. 0. 3. 3. 0.]
最优解：  [0. 3. 1. 0. 2. 1. 2. 1. 0. 1.]
最优解：  [0. 1. 0. 2. 2. 3. 1. 1. 0. 1.]
最优解：  [1. 3. 1. 1. 2. 3. 2. 3. 1. 3.]
最优解：  [1. 0. 3. 1. 1. 2. 2. 1. 0. 0.]
最优解：  [0. 2. 0. 2. 2. 2. 3. 0. 2. 2.]
最优解：  [3. 0. 1. 0. 0. 1. 2. 1. 2. 1.]
最优解：  [1. 2. 2. 0. 3. 1. 0. 1. 1. 0.]
最优解：  [0. 0. 1. 1. 1. 2. 3. 1. 2. 0.]
最优解：  [1. 1. 0. 0. 2. 2. 0. 1. 1. 3.]
最优解：  [1. 1. 0. 2. 2. 1. 0. 0. 3. 1.]
最优解：  [2. 1. 0. 1. 3. 0. 0. 2. 1. 1.]
最优解：  [0. 1. 3. 1. 2. 1. 0. 2. 0. 1.]
最优解：  [1. 1. 1. 2. 2. 3. 0. 1. 0. 0.]
最优解：  [1. 2. 1. 0. 0. 1. 2. 1. 0. 2.]
最优解：  [1. 0. 1. 2. 1. 0. 1. 0. 2. 3.]
最优解：  [2. 3. 2. 1. 0. 0. 1. 0. 1. 1.]
最优解：  [1. 0. 2. 2. 3. 0. 0. 1. 1. 1.]
最优解：  [2. 1. 1. 1. 1. 0. 0. 2. 2. 0.]
最优解：  [1. 1. 2. 0. 1. 3. 0. 2. 1. 0.]
最优解：  [1. 1. 0. 0. 0. 3. 1. 2. 2. 1.]
最优解：  [0. 2. 1. 0. 1. 1. 1. 2. 3. 0.]
最优解：  [0. 1. 2. 1. 1. 0. 2. 1. 0. 3.]
最优解：  [0. 2. 1. 3. 1. 1. 0. 2. 1. 0.]
最优解：  [1. 0. 2. 3. 0. 0. 1. 1. 1. 2.]
最优解：  [0. 1. 0. 2. 1. 1. 1. 0. 2. 0.]
最优解：  [0. 1. 2. 0. 1. 1. 0. 1. 2. 1.]
最优解：  [1. 1. 0. 2. 1. 0. 0. 2. 1. 0.]
最优解：  [2. 0. 0. 3. 0. 2. 1. 1. 1. 1.]
最优解：  [0. 0. 2. 0. 1. 1. 1. 2. 1. 0.]
最优解：  [0. 1. 3. 1. 0. 1. 1. 2. 2. 0.]
最优解：  [2. 0. 2. 1. 3. 0. 1. 0. 1. 1.]
最优解：  [3. 1. 3. 1. 3. 2. 1. 3. 1. 2.]
最优解：  [3. 1. 1. 1. 0. 1. 0. 2. 2. 0.]
最优解：  [1. 0. 2. 1. 0. 0. 0. 2. 1. 1.]
最优解：  [2. 3. 0. 2. 2. 2. 0. 2. 2. 0.]
最优解：  [2. 0. 0. 2. 1. 1. 3. 1. 1. 0.]
最优解：  [0. 1. 3. 0. 1. 2. 1. 1. 0. 2.]
最优解：  [1. 0. 0. 2. 1. 2. 0. 3. 1. 1.]
最优解：  [1. 1. 0. 1. 2. 0. 3. 0. 1. 2.]
最优解：  [1. 0. 1. 1. 2. 0. 1. 0. 3. 2.]
最优解：  [1. 1. 2. 0. 1. 2. 0. 0. 1. 3.]
最优解：  [3. 1. 1. 3. 1. 2. 2. 3. 3. 1.]
最优解：  [3. 0. 1. 1. 1. 1. 2. 2. 0. 0.]
最优解：  [1. 1. 1. 0. 3. 0. 1. 0. 2. 2.]
最优解：  [0. 2. 2. 2. 2. 0. 1. 2. 0. 2.]
最优解：  [1. 1. 1. 3. 2. 0. 0. 1. 2. 0.]
最优解：  [1. 2. 1. 2. 1. 2. 0. 0. 1. 0.]
最优解：  [0. 1. 1. 2. 1. 2. 1. 3. 0. 0.]
最优解：  [0. 0. 1. 3. 1. 2. 1. 1. 0. 2.]
最优解：  [3. 1. 3. 3. 2. 1. 2. 1. 1. 3.]
最优解：  [3. 1. 1. 2. 0. 1. 1. 0. 2. 0.]
最优解：  [0. 1. 1. 2. 0. 2. 1. 1. 3. 0.]
最优解：  [3. 2. 2. 2. 2. 0. 0. 0. 2. 2.]
最优解：  [0. 0. 3. 1. 2. 1. 1. 0. 1. 2.]
最优解：  [2. 3. 0. 2. 1. 1. 0. 1. 0. 1.]
最优解：  [0. 0. 1. 2. 0. 1. 1. 1. 2. 1.]
最优解：  [1. 3. 0. 1. 1. 0. 0. 2. 2. 1.]
最优解：  [1. 0. 3. 1. 2. 0. 1. 0. 1. 2.]
共  100  种方法得到最高分  2070
